Décomposition QR

Matrice A : 
-4.000000 20.000000 35.000000 5.000000 
-4.000000 -30.000000 -15.000000 55.000000 
-8.000000 40.000000 -80.000000 -65.000000 
23.000000 -15.000000 30.000000 15.000000 

 Matrice Q : 
-0.097999 0.489996 0.857493 0.122499 
-0.098038 -0.326468 0.041176 0.939208 
-0.367932 0.744274 -0.501964 0.242310 
0.919462 0.315244 -0.105081 0.210163 

 Matrice R : 
40.816663 -20.432831 -76.610868 -135.269537 
0.000000 61.224990 -153.227889 -117.303998 
0.000000 0.000000 57.121452 -148.354835 
0.000000 0.000000 0.000000 16.418967 

 Produit QR : 
-4.000000 32.002399 -18.592002 -169.424094 
-4.001601 -17.984793 59.886839 60.869750 
-15.017759 53.086061 -114.528877 40.911010 
37.529377 0.513606 -124.747392 -142.314631 


Matrice A : 
1.000000 0.000000 0.000000 
0.000000 1.000000 2.000000 
0.000000 2.000000 1.000000 

 Matrice Q : 
1.000000 0.000000 0.000000 
-0.000000 0.447214 0.894427 
-0.000000 0.894427 -0.447214 

 Matrice R : 
1.000000 0.000000 0.000000 
0.000000 2.236068 1.788854 
0.000000 0.000000 1.341641 

 Produit QR : 
1.000000 0.000000 0.000000 
-0.000000 1.000000 2.000000 
-0.000000 2.000000 1.000000 


Matrice A : 
2.000000 0.000000 0.000000 
1.000000 3.000000 2.000000 
0.000000 -2.000000 1.000000 

 Matrice Q : 
1.000000 0.000000 0.000000 
0.000000 0.832050 0.554700 
-0.000000 -0.554700 0.832050 

 Matrice R : 
2.000000 1.000000 1.000000 
0.000000 3.605551 -0.109400 
0.000000 0.000000 1.941451 

 Produit QR : 
2.000000 1.000000 1.000000 
0.000000 3.000000 0.985896 
-0.000000 -2.000000 1.676069 


Matrice A : 
2.000000 3.000000 0.000000 4.000000 
-1.000000 5.000000 0.000000 1.000000 
0.000000 -2.000000 1.000000 -1.000000 
1.000000 2.000000 0.000000 2.000000 

 Matrice Q : 
0.371391 0.557086 0.000000 0.742781 
-0.526354 0.785354 0.000000 -0.325838 
0.034378 0.012133 0.998989 -0.026289 
0.764093 0.269680 -0.044947 -0.584307 

 Matrice R : 
5.385165 3.156821 1.299867 3.026123 
0.000000 4.127285 0.054998 3.418800 
0.000000 0.000000 1.001012 3.424867 
0.000000 0.000000 0.000000 0.134840 

 Produit QR : 
2.000000 3.471667 0.513397 3.128596 
-2.834504 1.579774 -0.640998 1.048219 
0.185132 0.158604 1.045354 3.563376 
4.114768 3.525151 0.963060 3.001498 


